100-200C	841	1	83	0	0	0
100-200C	841	3	84	0	0	0
100-200C	841	7	87	0	0	0
100-200C	842	1	88	0	0	0
100-200C	842	5	72	0	0	0
100-200C	842	7	42	0	0	0
100-200C	844	3	85	0	0	0
100-200C	844	5	91	0	0	0
100-200C	844	7	93	0	0	0
100-200C	855	1	5	0	0	0
100-200C	855	3	9	0	0	0
100-200C	855	4	10	1	0	0
100-200C	855	5	5	0	0	0
100-200C	855	7	10	0	0	0
100-200C	856	1	28	0	0	0
100-200C	856	3	25	0	0	0
100-200C	856	4	26	1	0	0
100-200C	856	7	17	0	0	0
100-200C	857	1	63	0	0	0
100-200C	857	5	100	0	0	0
100-200C	857	7	96	0	0	0
100-200C	878	5	67	0	0	0
100-200C	878	7	57	0	0	0
100-200C	881	5	3	0	0	0
100-200C	881	7	2	0	0	0
100-200C	907	3	55	0	0	0
100-200C	907	5	44	0	0	0
100-200C	919	1	91	0	0	0
100-200C	919	2	63	1	0	0
100-200C	919	3	54	0	0	0
100-200C	919	5	18	0	0	0
100-200C	919	7	58	0	0	0
100-200C	931	3	58	0	0	0
100-200C	931	5	77	0	0	0
100-200C	931	7	77	0	0	0
100-200C	934	3	95	0	0	0
100-200C	934	5	87	0	0	0
100-200C	934	6	88	1	0	0
100-200C	934	7	88	0	0	0
100-200C	936	3	40	0	0	0
100-200C	936	5	36	0	0	0
100-200C	936	7	47	0	0	0
100-200C	976	1	80	0	0	0
100-200C	976	3	69	0	0	0
100-200C	976	7	39	0	0	0
100-200C	1009	7	49	0	0	0
100-200C	1010	7	79	0	0	0
100-200C	972	1	97	0	1	0
100-200C	972	5	98	0	1	0
100-200C	1007	7	54	0	1	0
100-200C	1008	7	90	0	1	0
100-200D	892	1	63	0	0	1
100-200D	892	2	37	1	0	1
100-200D	892	4	55	1	0	1
100-200D	892	5	63	0	0	1
100-200D	898	4	30	1	0	1
100-200D	901	1	56	0	0	1
100-200D	901	2	17	1	0	1
100-200D	901	4	65	1	0	1
100-200D	930	5	50	0	0	1
100-200D	945	1	79	0	0	1
100-200D	945	2	89	1	0	1
100-200D	945	4	63	1	0	1
100-200D	945	5	86	0	0	1
100-200D	889	1	6	0	0	0
100-200D	889	3	40	0	0	0
100-200D	889	5	4	0	0	0
100-200D	889	7	59	0	0	0
100-200D	890	1	41	0	0	0
100-200D	890	3	53	0	0	0
100-200D	890	4	74	1	0	0
100-200D	890	5	73	0	0	0
100-200D	890	6	84	1	0	0
100-200D	890	7	96	0	0	0
100-200D	891	1	46	0	0	0
100-200D	891	2	61	1	0	0
100-200D	891	3	94	0	0	0
100-200D	891	5	3	0	0	0
100-200D	891	7	45	0	0	0
100-200D	893	3	8	0	0	0
100-200D	893	4	7	1	0	0
100-200D	893	5	6	0	0	0
100-200D	893	6	7	1	0	0
100-200D	893	7	7	0	0	0
100-200D	894	3	21	0	0	0
100-200D	894	5	21	0	0	0
100-200D	894	6	21	1	0	0
100-200D	894	7	22	0	0	0
100-200D	984	1	75	0	0	0
100-200D	984	3	30	0	0	0
100-200D	984	5	40	0	0	0
100-200D	984	6	39	1	0	0
100-200D	984	7	17	0	0	0
100-200D	1014	7	53	0	0	0
100-200D	1015	7	33	0	0	0
100-200D	965	2	60	1	1	0
100-200D	965	5	79	0	1	0
100-200D	965	7	89	0	1	0
100200E	702	1	6	0	0	1
100200E	702	2	80	1	0	1
100200E	702	3	79	0	0	1
100200E	702	4	88	1	0	1
100200E	702	6	59	1	0	1
100200E	707	6	87	1	0	1
100200E	712	1	86	0	0	1
100200E	712	2	87	1	0	1
100200E	712	4	80	1	0	1
100200E	712	6	89	1	0	1
100200E	712	7	35	0	0	1
100200E	715	1	6	0	0	1
100200E	715	2	4	1	0	1
100200E	715	3	17	0	0	1
100200E	715	4	8	1	0	1
100200E	715	5	5	0	0	1
100200E	715	6	5	1	0	1
100200E	715	7	17	0	0	1
100200E	742	6	99	1	0	1
100200E	742	7	41	0	0	1
100200E	796	6	88	1	0	1
100200E	796	7	89	0	0	1
100200E	928	3	9	0	0	1
100200E	928	4	9	1	0	1
100200E	928	5	34	0	0	1
100200E	928	6	2	1	0	1
100200E	928	7	25	0	0	1
100200E	709	5	66	0	0	0
100200E	709	7	49	0	0	0
100200E	710	3	67	0	0	0
100200E	710	5	89	0	0	0
100200E	710	7	62	0	0	0
100200E	711	5	41	0	0	0
100200E	721	1	82	0	0	0
100200E	721	3	60	0	0	0
100200E	721	5	73	0	0	0
100200E	721	7	60	0	0	0
100200E	724	1	8	0	0	0
100200E	724	3	28	0	0	0
100200E	724	5	17	0	0	0
100200E	724	7	34	0	0	0
100200E	737	1	57	0	0	0
100200E	757	5	98	0	0	0
100200E	764	1	28	0	0	0
100200E	764	3	41	0	0	0
100200E	764	5	21	0	0	0
100200E	764	7	21	0	0	0
100200E	765	3	91	0	0	0
100200E	765	5	88	0	0	0
100200E	765	7	61	0	0	0
100200E	768	5	72	0	0	0
100200E	768	7	73	0	0	0
100200E	770	3	19	0	0	0
100200E	770	5	25	0	0	0
100200E	770	7	30	0	0	0
100200E	776	5	84	0	0	0
100200E	776	7	88	0	0	0
100200E	779	1	69	0	0	0
100200E	779	3	82	0	0	0
100200E	779	5	44	0	0	0
100200E	791	5	8	0	0	0
100200E	791	7	5	0	0	0
100200E	939	5	99	0	0	0
100200E	952	3	89	0	0	0
100200E	966	3	85	0	0	0
100200E	966	5	97	0	0	0
100200E	966	7	66	0	0	0
100200E	2008	7	11	0	0	0
100200E	2009	7	59	0	0	0
100200E	2010	7	76	0	0	0
100200E	2025	7	27	0	0	0
100200E	2026	7	46	0	0	0
100200E	2027	7	87	0	0	0
100200E	2028	7	11	0	0	0
100200E	2059	7	19	0	0	0
100200E	717	3	30	0	1	0
100200E	717	5	50	0	1	0
100200E	730	4	96	1	1	0
100200E	735	2	59	1	1	0
100200E	766	3	80	0	1	0
100200E	766	7	70	0	1	0
100200F	514	6	43	1	0	1
100200F	653	1	69	0	0	1
100200F	653	2	100	1	0	1
100200F	653	4	31	1	0	1
100200F	653	5	69	0	0	1
100200F	653	6	29	1	0	1
100200F	653	7	7	0	0	1
100200F	694	1	90	0	0	1
100200F	694	2	70	1	0	1
100200F	694	3	19	0	0	1
100200F	694	4	80	1	0	1
100200F	694	5	60	0	0	1
100200F	694	6	80	1	0	1
100200F	501	3	50	0	0	0
100200F	501	5	30	0	0	0
100200F	501	7	30	0	0	0
100200F	502	3	44	0	0	0
100200F	502	5	25	0	0	0
100200F	502	7	44	0	0	0
100200F	503	3	62	0	0	0
100200F	503	7	34	0	0	0
100200F	504	3	63	0	0	0
100200F	504	7	62	0	0	0
100200F	505	3	65	0	0	0
100200F	505	4	65	1	0	0
100200F	505	5	45	0	0	0
100200F	505	7	75	0	0	0
100200F	506	3	89	0	0	0
100200F	506	5	89	0	0	0
100200F	506	6	89	1	0	0
100200F	507	3	86	0	0	0
100200F	508	3	85	0	0	0
100200F	508	7	95	0	0	0
100200F	509	3	95	0	0	0
100200F	510	5	8	0	0	0
100200F	511	5	41	0	0	0
100200F	512	5	87	0	0	0
100200F	513	5	85	0	0	0
100200F	602	1	98	0	0	0
100200F	602	3	87	0	0	0
100200F	602	5	88	0	0	0
100200F	603	1	96	0	0	0
100200F	603	3	96	0	0	0
100200F	603	5	18	0	0	0
100200F	603	6	9	1	0	0
100200F	603	7	28	0	0	0
100200F	604	1	95	0	0	0
100200F	604	3	93	0	0	0
100200F	604	7	82	0	0	0
100200F	605	1	93	0	0	0
100200F	605	3	83	0	0	0
100200F	605	4	93	1	0	0
100200F	605	5	93	0	0	0
100200F	605	7	93	0	0	0
100200F	606	1	92	0	0	0
100200F	606	3	92	0	0	0
100200F	606	5	92	0	0	0
100200F	606	6	92	1	0	0
100200F	606	7	81	0	0	0
100200F	607	1	76	0	0	0
100200F	607	2	66	1	0	0
100200F	607	3	67	0	0	0
100200F	607	4	66	1	0	0
100200F	607	5	67	0	0	0
100200F	607	6	67	1	0	0
100200F	607	7	65	0	0	0
100200F	608	1	78	0	0	0
100200F	608	5	68	0	0	0
100200F	608	7	69	0	0	0
100200F	609	1	80	0	0	0
100200F	609	3	47	0	0	0
100200F	609	5	27	0	0	0
100200F	609	7	60	0	0	0
100200F	610	1	31	0	0	0
100200F	610	2	42	1	0	0
100200F	610	3	34	0	0	0
100200F	610	7	31	0	0	0
100200F	611	1	35	0	0	0
100200F	611	5	55	0	0	0
100200F	611	7	67	0	0	0
100200F	612	1	39	0	0	0
100200F	612	2	30	1	0	0
100200F	612	3	26	0	0	0
100200F	612	4	38	1	0	0
100200F	612	5	28	0	0	0
100200F	612	7	17	0	0	0
100200F	613	1	20	0	0	0
100200F	614	1	18	0	0	0
100200F	614	3	30	0	0	0
100200F	614	4	7	1	0	0
100200F	615	1	12	0	0	0
100200F	615	3	21	0	0	0
100200F	615	5	42	0	0	0
100200F	615	6	21	1	0	0
100200F	615	7	1	0	0	0
100200F	616	1	1	0	0	0
100200F	616	3	41	0	0	0
100200F	616	5	31	0	0	0
100200F	616	6	1	1	0	0
100200F	616	7	21	0	0	0
100200F	617	1	2	0	0	0
100200F	617	3	5	0	0	0
100200F	617	4	5	1	0	0
100200F	617	5	1	0	0	0
100200F	617	6	12	1	0	0
100200F	618	1	3	0	0	0
100200F	618	3	2	0	0	0
100200F	618	4	1	1	0	0
100200F	618	7	2	0	0	0
100200F	621	3	32	0	0	0
100200F	621	5	33	0	0	0
100200F	621	7	32	0	0	0
100200F	622	3	33	0	0	0
100200F	623	3	35	0	0	0
100200F	623	4	34	1	0	0
100200F	623	5	53	0	0	0
100200F	623	6	34	1	0	0
100200F	623	7	34	0	0	0
100200F	624	3	39	0	0	0
100200F	625	3	74	0	0	0
100200F	625	5	74	0	0	0
100200F	625	6	74	1	0	0
100200F	625	7	74	0	0	0
100200F	626	3	80	0	0	0
100200F	626	5	98	0	0	0
100200F	626	7	97	0	0	0
100200F	627	3	100	0	0	0
100200F	628	3	98	0	0	0
100200F	628	5	97	0	0	0
100200F	628	7	86	0	0	0
100200F	629	5	56	0	0	0
100200F	654	1	70	0	0	0
100200F	654	3	59	0	0	0
100200F	654	5	66	0	0	0
100200F	654	6	86	1	0	0
100200F	654	7	59	0	0	0
100200F	655	1	50	0	0	0
100200F	655	3	69	0	0	0
100200F	655	4	60	1	0	0
100200F	655	5	50	0	0	0
100200F	655	7	80	0	0	0
100200F	656	1	46	0	0	0
100200F	656	5	65	0	0	0
100200F	656	6	65	1	0	0
100200F	656	7	55	0	0	0
100200F	657	1	42	0	0	0
100200F	657	5	12	0	0	0
100200F	657	7	41	0	0	0
100200F	658	1	21	0	0	0
100200F	658	2	31	1	0	0
100200F	658	4	42	1	0	0
100200F	658	5	61	0	0	0
100200F	658	6	31	1	0	0
100200F	658	7	22	0	0	0
100200F	659	1	22	0	0	0
100200F	659	3	42	0	0	0
100200F	659	5	43	0	0	0
100200F	659	7	42	0	0	0
100200F	660	1	25	0	0	0
100200F	660	3	25	0	0	0
100200F	660	4	25	1	0	0
100200F	660	7	26	0	0	0
100200F	661	1	26	0	0	0
100200F	661	2	5	1	0	0
100200F	661	3	24	0	0	0
100200F	661	5	5	0	0	0
100200F	661	6	25	1	0	0
100200F	661	7	24	0	0	0
100200F	662	1	28	0	0	0
100200F	662	2	67	1	0	0
100200F	662	3	29	0	0	0
100200F	662	5	26	0	0	0
100200F	662	7	48	0	0	0
100200F	663	1	29	0	0	0
100200F	663	3	28	0	0	0
100200F	663	4	9	1	0	0
100200F	663	7	9	0	0	0
100200F	664	1	30	0	0	0
100200F	664	5	30	0	0	0
100200F	665	1	30	0	0	0
100200F	665	7	50	0	0	0
100200F	666	1	9	0	0	0
100200F	666	3	9	0	0	0
100200F	666	5	9	0	0	0
100200F	666	7	30	0	0	0
100200F	667	1	8	0	0	0
100200F	667	2	8	1	0	0
100200F	667	3	7	0	0	0
100200F	667	6	7	1	0	0
100200F	667	7	18	0	0	0
100200F	668	1	7	0	0	0
100200F	668	2	7	1	0	0
100200F	668	5	7	0	0	0
100200F	670	1	6	0	0	0
100200F	670	2	26	1	0	0
100200F	670	3	17	0	0	0
100200F	670	4	26	1	0	0
100200F	670	5	16	0	0	0
100200F	670	6	6	1	0	0
100200F	670	7	5	0	0	0
100200F	671	2	1	1	0	0
100200F	671	5	3	0	0	0
100200F	671	6	42	1	0	0
100200F	672	3	6	0	0	0
100200F	672	5	6	0	0	0
100200F	672	7	6	0	0	0
100200F	673	3	3	0	0	0
100200F	673	7	3	0	0	0
100200F	675	3	1	0	0	0
100200F	675	5	21	0	0	0
100200F	695	1	88	0	0	0
100200F	695	3	56	0	0	0
100200F	695	5	44	0	0	0
100200F	696	1	86	0	0	0
100200F	696	2	76	1	0	0
100200F	696	3	88	0	0	0
100200F	696	4	88	1	0	0
100200F	696	5	86	0	0	0
100200F	696	7	88	0	0	0
100200F	697	1	81	0	0	0
100200F	697	3	81	0	0	0
100200F	697	5	72	0	0	0
100200F	697	7	92	0	0	0
100200F	698	1	61	0	0	0
100200F	698	3	61	0	0	0
100200F	698	5	62	0	0	0
100200F	698	7	61	0	0	0
100200F	699	1	67	0	0	0
100200F	699	3	68	0	0	0
100200F	700	1	66	0	0	0
100200F	700	3	82	0	0	0
100200F	700	5	82	0	0	0
100200F	700	7	73	0	0	0
100200F	2012	7	4	0	0	0
100200F	2013	7	35	0	0	0
100200F	2038	7	70	0	0	0
100200F	2039	7	11	0	0	0
100200F	2040	7	57	0	0	0
100200F	2041	7	53	0	0	0
100200F	2042	7	72	0	0	0
100200F	515	6	63	1	1	0
100200F	619	2	51	1	1	0
100200F	620	3	16	0	1	0
100200F	620	5	17	0	1	0
100200F	620	7	28	0	1	0
100C	802	4	6	1	0	1
100C	802	6	72	1	0	1
100C	833	4	44	1	0	1
100C	833	6	14	1	0	1
100C	843	5	49	0	0	1
100C	884	2	15	1	0	1
100C	903	2	53	1	0	1
100C	903	4	35	1	0	1
100C	911	2	71	1	0	1
100C	937	4	13	1	0	1
100C	955	1	9	0	0	1
100C	981	4	53	1	0	1
100C	981	6	43	1	0	1
100C	991	2	33	1	0	1
100C	803	1	24	0	0	0
100C	810	3	21	0	0	0
100C	810	7	31	0	0	0
100C	814	1	67	0	0	0
100C	814	3	76	0	0	0
100C	814	5	64	0	0	0
100C	830	5	19	0	0	0
100C	832	1	4	0	0	0
100C	832	3	3	0	0	0
100C	832	4	3	1	0	0
100C	832	5	13	0	0	0
100C	832	6	4	1	0	0
100C	835	1	85	0	0	0
100C	835	3	41	0	0	0
100C	835	5	76	0	0	0
100C	846	1	88	0	0	0
100C	846	3	89	0	0	0
100C	846	5	78	0	0	0
100C	883	3	84	0	0	0
100C	883	5	74	0	0	0
100C	883	7	93	0	0	0
100C	886	5	65	0	0	0
100C	896	1	61	0	0	0
100C	896	7	66	0	0	0
100C	908	1	20	0	0	0
100C	908	3	18	0	0	0
100C	908	5	35	0	0	0
100C	912	1	40	0	0	0
100C	942	5	96	0	0	0
100C	942	7	84	0	0	0
100C	959	1	94	0	0	0
100C	960	3	13	0	0	0
100C	960	5	11	0	0	0
100C	960	7	12	0	0	0
100C	967	1	93	0	0	0
100C	967	3	86	0	0	0
100C	982	1	99	0	0	0
100C	986	1	80	0	0	0
100C	986	2	70	1	0	0
100C	986	3	29	0	0	0
100C	986	5	55	0	0	0
100C	986	7	90	0	0	0
100D	784	2	30	1	0	1
100D	784	4	65	1	0	1
100D	784	5	56	0	0	1
100D	784	6	38	1	0	1
100D	784	7	4	0	0	1
100D	705	1	9	0	0	0
100D	705	2	20	1	0	0
100D	705	3	29	0	0	0
100D	705	5	26	0	0	0
100D	714	1	27	0	0	0
100D	714	7	69	0	0	0
100D	716	1	61	0	0	0
100D	716	3	63	0	0	0
100D	716	5	85	0	0	0
100D	716	7	52	0	0	0
100D	720	3	84	0	0	0
100D	720	5	93	0	0	0
100D	720	7	85	0	0	0
100D	722	1	90	0	0	0
100D	722	3	98	0	0	0
100D	726	1	21	0	0	0
100D	726	3	11	0	0	0
100D	726	7	2	0	0	0
100D	727	5	60	0	0	0
100D	727	7	93	0	0	0
100D	728	1	15	0	0	0
100D	728	7	5	0	0	0
100D	731	3	91	0	0	0
100D	731	4	81	1	0	0
100D	731	7	81	0	0	0
100D	736	1	52	0	0	0
100D	736	3	31	0	0	0
100D	736	5	63	0	0	0
100D	736	7	54	0	0	0
100D	740	1	31	0	0	0
100D	740	3	42	0	0	0
100D	740	5	42	0	0	0
100D	740	7	32	0	0	0
100D	744	1	13	0	0	0
100D	744	3	54	0	0	0
100D	744	5	32	0	0	0
100D	744	7	13	0	0	0
100D	745	1	39	0	0	0
100D	745	3	46	0	0	0
100D	745	7	50	0	0	0
100D	748	1	35	0	0	0
100D	748	2	16	1	0	0
100D	748	3	15	0	0	0
100D	748	5	45	0	0	0
100D	748	7	46	0	0	0
100D	750	1	96	0	0	0
100D	750	3	93	0	0	0
100D	750	5	81	0	0	0
100D	750	7	74	0	0	0
100D	756	1	98	0	0	0
100D	756	3	79	0	0	0
100D	756	5	70	0	0	0
100D	756	7	70	0	0	0
100D	760	3	17	0	0	0
100D	760	5	9	0	0	0
100D	762	1	60	0	0	0
100D	762	5	79	0	0	0
100D	771	5	39	0	0	0
100D	772	1	19	0	0	0
100D	772	3	28	0	0	0
100D	772	4	38	1	0	0
100D	772	5	46	0	0	0
100D	772	7	15	0	0	0
100D	774	3	40	0	0	0
100D	774	5	40	0	0	0
100D	774	7	39	0	0	0
100D	775	1	20	0	0	0
100D	775	3	20	0	0	0
100D	775	4	20	1	0	0
100D	775	5	20	0	0	0
100D	777	1	29	0	0	0
100D	780	3	70	0	0	0
100D	780	7	99	0	0	0
100D	781	3	65	0	0	0
100D	785	1	84	0	0	0
100D	785	3	81	0	0	0
100D	785	5	84	0	0	0
100D	785	6	81	1	0	0
100D	785	7	84	0	0	0
100D	787	1	94	0	0	0
100D	787	3	77	0	0	0
100D	793	5	67	0	0	0
100D	793	7	95	0	0	0
100D	797	5	90	0	0	0
100D	799	1	67	0	0	0
100D	799	3	69	0	0	0
100D	799	7	67	0	0	0
100D	800	1	2	0	0	0
100D	800	3	4	0	0	0
100D	800	5	2	0	0	0
100D	876	1	14	0	0	0
100D	876	3	13	0	0	0
100D	876	7	24	0	0	0
100D	943	3	10	0	0	0
100D	943	5	29	0	0	0
100D	943	6	20	1	0	0
100D	943	7	20	0	0	0
100D	993	1	50	0	0	0
100D	993	3	67	0	0	0
100D	993	7	58	0	0	0
100D	2029	7	26	0	0	0
100D	2030	7	63	0	0	0
100D	2031	7	82	0	0	0
100D	2060	7	44	0	0	0
100D	2061	7	11	0	0	0
100D	2062	7	40	0	0	0
100D	718	3	90	0	1	0
100D	739	2	81	1	1	0
100D	754	3	18	0	1	0
100D	754	7	18	0	1	0
100D	761	3	60	0	1	0
100D	761	5	74	0	1	0
100D	761	6	85	1	1	0
100D	763	6	40	1	1	0
100D	850	1	54	0	1	0
100D	905	1	26	0	1	0
100D	964	3	30	0	1	0
100D	964	5	53	0	1	0
100D	988	5	30	0	1	0
100D	2000	7	7	0	1	0
100E	529	2	22	1	0	1
100E	529	4	31	1	0	1
100E	529	6	41	1	0	1
100E	529	7	7	0	0	1
100E	534	6	7	1	0	1
100E	642	4	34	1	0	1
100E	643	6	72	1	0	1
100E	517	1	8	0	0	0
100E	517	2	17	1	0	0
100E	517	3	8	0	0	0
100E	517	7	49	0	0	0
100E	520	1	26	0	0	0
100E	520	2	69	1	0	0
100E	520	3	59	0	0	0
100E	520	5	58	0	0	0
100E	520	7	26	0	0	0
100E	521	1	62	0	0	0
100E	521	3	51	0	0	0
100E	521	7	71	0	0	0
100E	522	1	89	0	0	0
100E	522	2	88	1	0	0
100E	522	3	72	0	0	0
100E	522	5	72	0	0	0
100E	522	7	44	0	0	0
100E	523	1	87	0	0	0
100E	523	3	86	0	0	0
100E	523	5	80	0	0	0
100E	523	7	86	0	0	0
100E	525	1	81	0	0	0
100E	525	2	91	1	0	0
100E	525	3	82	0	0	0
100E	525	5	81	0	0	0
100E	525	6	81	1	0	0
100E	525	7	81	0	0	0
100E	526	1	93	0	0	0
100E	526	3	93	0	0	0
100E	526	5	93	0	0	0
100E	526	6	83	1	0	0
100E	526	7	93	0	0	0
100E	527	1	100	0	0	0
100E	527	3	80	0	0	0
100E	527	5	59	0	0	0
100E	527	7	45	0	0	0
100E	533	5	1	0	0	0
100E	630	1	18	0	0	0
100E	630	3	17	0	0	0
100E	630	5	29	0	0	0
100E	630	6	22	1	0	0
100E	630	7	17	0	0	0
100E	632	1	13	0	0	0
100E	632	3	14	0	0	0
100E	632	5	14	0	0	0
100E	632	7	14	0	0	0
100E	633	1	31	0	0	0
100E	633	3	31	0	0	0
100E	633	5	41	0	0	0
100E	634	1	34	0	0	0
100E	634	3	49	0	0	0
100E	634	4	59	1	0	0
100E	634	5	35	0	0	0
100E	634	7	21	0	0	0
100E	635	1	38	0	0	0
100E	635	3	35	0	0	0
100E	635	5	44	0	0	0
100E	636	1	59	0	0	0
100E	636	3	88	0	0	0
100E	636	5	88	0	0	0
100E	636	6	88	1	0	0
100E	636	7	75	0	0	0
100E	637	1	51	0	0	0
100E	637	2	61	1	0	0
100E	637	3	71	0	0	0
100E	637	5	62	0	0	0
100E	637	6	51	1	0	0
100E	637	7	62	0	0	0
100E	638	1	71	0	0	0
100E	638	3	63	0	0	0
100E	638	4	72	1	0	0
100E	638	5	71	0	0	0
100E	638	7	52	0	0	0
100E	639	1	73	0	0	0
100E	639	2	82	1	0	0
100E	639	3	83	0	0	0
100E	639	5	52	0	0	0
100E	639	7	92	0	0	0
100E	640	1	74	0	0	0
100E	640	2	85	1	0	0
100E	640	3	67	0	0	0
100E	640	5	67	0	0	0
100E	640	7	57	0	0	0
100E	2014	7	22	0	0	0
100E	2043	7	34	0	0	0
100E	516	1	10	0	1	0
100E	516	4	6	1	1	0
100E	516	5	32	0	1	0
100E	516	6	2	1	1	0
100E	518	1	3	0	1	0
100E	518	3	3	0	1	0
100E	519	1	23	0	1	0
100E	519	5	23	0	1	0
100E	524	1	83	0	1	0
100E	524	5	82	0	1	0
100E	524	6	92	1	1	0
100E	528	1	75	0	1	0
100E	528	2	76	1	1	0
100E	530	4	1	1	1	0
100E	530	6	1	1	1	0
100E	531	4	46	1	1	0
100E	531	5	46	0	1	0
100E	531	7	46	0	1	0
100E	532	4	63	1	1	0
100E	535	6	46	1	1	0
100E	631	1	14	0	1	0
100E	631	3	13	0	1	0
100E	631	7	3	0	1	0
100E	641	2	72	1	1	0
100E	641	5	75	0	1	0
100E	644	6	75	1	1	0
100E	2002	3	1	0	1	0
100G	562	1	12	0	0	0
100G	562	3	33	0	0	0
100G	562	4	42	1	0	0
100G	562	5	34	0	0	0
100G	562	6	34	1	0	0
100G	562	7	53	0	0	0
100G	563	1	11	0	0	0
100G	563	3	34	0	0	0
100G	563	5	42	0	0	0
100G	563	7	41	0	0	0
100G	564	1	78	0	0	0
100G	564	3	98	0	0	0
100G	564	7	68	0	0	0
100G	565	1	79	0	0	0
100G	565	5	67	0	0	0
100G	565	6	67	1	0	0
100G	565	7	69	0	0	0
100G	566	1	100	0	0	0
100G	566	3	80	0	0	0
100G	566	5	80	0	0	0
100G	566	7	80	0	0	0
100G	567	1	98	0	0	0
100G	567	3	97	0	0	0
100G	567	4	98	1	0	0
100G	567	7	98	0	0	0
100G	569	5	97	0	0	0
100G	569	7	96	0	0	0
100G	570	5	95	0	0	0
100G	571	5	82	0	0	0
100G	571	7	92	0	0	0
100G	583	1	21	0	0	0
100G	583	3	44	0	0	0
100G	583	5	53	0	0	0
100G	583	7	42	0	0	0
100G	584	1	29	0	0	0
100G	584	3	68	0	0	0
100G	584	5	49	0	0	0
100G	584	7	26	0	0	0
100G	588	1	90	0	0	0
100G	588	2	80	1	0	0
100G	588	3	67	0	0	0
100G	588	4	87	1	0	0
100G	588	5	90	0	0	0
100G	588	7	89	0	0	0
100G	589	1	89	0	0	0
100G	589	3	90	0	0	0
100G	589	7	90	0	0	0
100G	590	1	86	0	0	0
100G	590	3	69	0	0	0
100G	590	5	69	0	0	0
100G	590	6	69	1	0	0
100G	590	7	67	0	0	0
100G	591	1	81	0	0	0
100G	591	3	91	0	0	0
100G	591	5	92	0	0	0
100G	591	7	62	0	0	0
100G	592	3	2	0	0	0
100G	592	5	2	0	0	0
100G	592	7	2	0	0	0
100G	593	3	3	0	0	0
100G	593	5	4	0	0	0
100G	593	6	4	1	0	0
100G	593	7	3	0	0	0
100G	594	3	23	0	0	0
100G	594	5	23	0	0	0
100G	594	7	1	0	0	0
100G	595	3	49	0	0	0
100G	595	5	48	0	0	0
100G	595	6	38	1	0	0
100G	595	7	29	0	0	0
100G	596	3	66	0	0	0
100G	596	5	76	0	0	0
100G	596	6	66	1	0	0
100G	596	7	66	0	0	0
100G	598	5	45	0	0	0
100G	598	6	33	1	0	0
100G	598	7	34	0	0	0
100G	600	5	83	0	0	0
100G	600	7	46	0	0	0
100G	2015	7	4	0	0	0
100G	2048	7	47	0	0	0
100G	561	1	16	0	1	0
100G	561	3	17	0	1	0
100G	561	5	6	0	1	0
100G	568	4	33	1	1	0
100G	572	6	76	1	1	0
100G	585	1	46	0	1	0
100G	585	2	46	1	1	0
100G	586	1	66	0	1	0
100G	586	2	57	1	1	0
100G	586	3	46	0	1	0
100G	586	5	63	0	1	0
100G	586	6	53	1	1	0
100G	597	4	46	1	1	0
100G	597	5	46	0	1	0
100G	599	5	41	0	1	0
100G	2003	7	48	0	1	0
200A	820	2	50	1	0	1
200A	820	3	16	0	0	1
200A	820	4	76	1	0	1
200A	820	5	25	0	0	1
200A	820	6	25	1	0	1
200A	820	7	67	0	0	1
200A	821	2	70	1	0	1
200A	821	3	18	0	0	1
200A	821	5	66	0	0	1
200A	821	7	45	0	0	1
200A	837	4	74	1	0	1
200A	837	5	56	0	0	1
200A	837	6	92	1	0	1
200A	963	4	19	1	0	1
200A	963	6	10	1	0	1
200A	1018	7	2	0	0	1
200A	809	3	48	0	0	0
200A	809	4	49	1	0	0
200A	809	7	48	0	0	0
200A	815	1	7	0	0	0
200A	815	3	8	0	0	0
200A	815	5	5	0	0	0
200A	815	7	17	0	0	0
200A	816	1	30	0	0	0
200A	816	3	29	0	0	0
200A	816	4	49	1	0	0
200A	816	5	48	0	0	0
200A	816	6	57	1	0	0
200A	816	7	56	0	0	0
200A	817	1	65	0	0	0
200A	817	3	54	0	0	0
200A	817	5	74	0	0	0
200A	817	7	53	0	0	0
200A	818	1	90	0	0	0
200A	818	3	70	0	0	0
200A	818	4	79	1	0	0
200A	822	3	30	0	0	0
200A	823	3	27	0	0	0
200A	823	5	27	0	0	0
200A	860	5	28	0	0	0
200A	860	7	60	0	0	0
200A	887	5	30	0	0	0
200A	887	7	30	0	0	0
200A	895	1	3	0	0	0
200A	895	3	4	0	0	0
200A	895	5	37	0	0	0
200A	895	7	18	0	0	0
200A	913	1	33	0	0	0
200A	913	2	34	1	0	0
200A	913	3	32	0	0	0
200A	913	5	41	0	0	0
200A	913	6	40	1	0	0
200A	913	7	13	0	0	0
200A	916	1	97	0	0	0
200A	916	5	78	0	0	0
200A	916	6	86	1	0	0
200A	916	7	76	0	0	0
200A	938	5	20	0	0	0
200A	957	1	80	0	0	0
200A	957	5	70	0	0	0
200A	957	7	70	0	0	0
200A	962	5	38	0	0	0
200A	970	3	74	0	0	0
200A	970	5	62	0	0	0
200A	970	6	83	1	0	0
200A	970	7	86	0	0	0
200A	1016	7	50	0	0	0
200A	1017	7	89	0	0	0
200A	819	2	24	1	1	0
200A	819	3	33	0	1	0
200A	819	4	24	1	1	0
200A	819	5	34	0	1	0
200A	819	6	14	1	1	0
200A	935	1	100	0	1	0
200A	935	3	79	0	1	0
200A	935	4	89	1	1	0
200B	805	3	27	0	0	1
200B	805	4	16	1	0	1
200B	805	6	17	1	0	1
200B	807	2	27	1	0	1
200B	807	4	9	1	0	1
200B	807	6	6	1	0	1
200B	808	2	49	1	0	1
200B	808	3	33	0	0	1
200B	808	4	78	1	0	1
200B	808	6	67	1	0	1
200B	811	3	10	0	0	1
200B	811	4	49	1	0	1
200B	811	6	59	1	0	1
200B	811	7	59	0	0	1
200B	838	2	70	1	0	1
200B	838	3	70	0	0	1
200B	838	4	69	1	0	1
200B	838	5	39	0	0	1
200B	851	4	20	1	0	1
200B	853	1	23	0	0	1
200B	853	2	71	1	0	1
200B	853	4	1	1	0	1
200B	853	6	51	1	0	1
200B	853	7	41	0	0	1
200B	873	3	8	0	0	1
200B	873	5	49	0	0	1
200B	880	2	6	1	0	1
200B	880	3	20	0	0	1
200B	880	4	38	1	0	1
200B	880	5	10	0	0	1
200B	880	6	34	1	0	1
200B	910	2	16	1	0	1
200B	910	4	40	1	0	1
200B	910	5	8	0	0	1
200B	910	6	37	1	0	1
200B	918	2	19	1	0	1
200B	918	6	50	1	0	1
200B	929	6	14	1	0	1
200B	954	4	39	1	0	1
200B	954	6	36	1	0	1
200B	983	1	15	0	0	1
200B	983	2	30	1	0	1
200B	983	3	49	0	0	1
200B	983	4	50	1	0	1
200B	983	5	38	0	0	1
200B	983	6	10	1	0	1
200B	834	3	90	0	0	0
200B	834	5	100	0	0	0
200B	847	5	88	0	0	0
200B	847	7	98	0	0	0
200B	848	1	90	0	0	0
200B	848	3	39	0	0	0
200B	848	5	60	0	0	0
200B	848	7	100	0	0	0
200B	854	1	98	0	0	0
200B	854	3	87	0	0	0
200B	854	5	98	0	0	0
200B	854	7	78	0	0	0
200B	888	1	75	0	0	0
200B	888	2	94	1	0	0
200B	888	3	92	0	0	0
200B	914	3	53	0	0	0
200B	914	5	66	0	0	0
200B	914	7	44	0	0	0
200B	958	1	53	0	0	0
200B	958	3	75	0	0	0
200B	958	4	74	1	0	0
200B	958	5	31	0	0	0
200B	958	7	61	0	0	0
200B	979	1	91	0	0	0
200B	979	5	93	0	0	0
200B	979	7	32	0	0	0
200B	992	1	60	0	0	0
200B	992	2	39	1	0	0
200B	992	3	57	0	0	0
200B	992	5	76	0	0	0
200B	992	7	88	0	0	0
200B	1027	7	20	0	0	0
200B	845	6	27	1	1	0
200B	877	1	10	0	1	0
200B	879	3	69	0	1	0
200B	932	5	53	0	1	0
200B	932	7	72	0	1	0
200B	940	4	60	1	1	0
200B	941	5	72	0	1	0
200B	941	7	92	0	1	0
200B	968	5	18	0	1	0
200B	987	1	51	0	1	0
200B	987	2	72	1	1	0
200B	987	5	51	0	1	0
200B	987	6	44	1	1	0
200B	994	3	51	0	1	0
200B	1023	3	72	0	1	0
200C	904	1	36	0	0	1
200C	904	4	19	1	0	1
200C	909	2	36	1	0	1
200C	909	4	60	1	0	1
200C	944	3	36	0	0	1
200C	813	1	8	0	0	0
200C	813	3	10	0	0	0
200C	813	4	29	1	0	0
200C	827	1	61	0	0	0
200C	827	3	73	0	0	0
200C	827	4	92	1	0	0
200C	827	5	82	0	0	0
200C	902	5	37	0	0	0
200C	971	1	18	0	0	0
200C	971	3	38	0	0	0
200C	971	4	48	1	0	0
200C	971	5	59	0	0	0
200C	989	1	99	0	0	0
200C	989	3	100	0	0	0
200C	989	5	89	0	0	0
200C	906	3	95	0	1	0
200D	652	6	7	1	0	1
200D	681	3	45	0	0	1
200D	681	6	37	1	0	1
200D	684	3	29	0	0	1
200D	684	5	48	0	0	1
200D	684	7	60	0	0	1
200D	692	6	72	1	0	1
200D	693	6	60	1	0	1
200D	693	7	50	0	0	1
200D	729	4	48	1	0	1
200D	729	5	56	0	0	1
200D	729	6	67	1	0	1
200D	729	7	75	0	0	1
200D	734	1	53	0	0	1
200D	734	2	52	1	0	1
200D	734	3	72	0	0	1
200D	734	4	21	1	0	1
200D	734	5	45	0	0	1
200D	734	6	42	1	0	1
200D	758	4	56	1	0	1
200D	758	6	87	1	0	1
200D	794	2	67	1	0	1
200D	794	4	81	1	0	1
200D	795	1	2	0	0	1
200D	795	2	18	1	0	1
200D	795	3	9	0	0	1
200D	795	4	19	1	0	1
200D	795	5	8	0	0	1
200D	795	6	10	1	0	1
200D	795	7	7	0	0	1
200D	917	1	25	0	0	1
200D	917	2	54	1	0	1
200D	917	3	44	0	0	1
200D	917	4	14	1	0	1
200D	917	5	71	0	0	1
200D	917	6	47	1	0	1
200D	917	7	53	0	0	1
200D	601	5	39	0	0	0
200D	651	3	95	0	0	0
200D	651	5	93	0	0	0
200D	651	7	95	0	0	0
200D	676	3	91	0	0	0
200D	676	5	75	0	0	0
200D	676	6	75	1	0	0
200D	676	7	93	0	0	0
200D	677	3	62	0	0	0
200D	677	5	51	0	0	0
200D	678	3	54	0	0	0
200D	678	5	65	0	0	0
200D	678	6	65	1	0	0
200D	678	7	65	0	0	0
200D	679	3	41	0	0	0
200D	680	3	42	0	0	0
200D	680	7	63	0	0	0
200D	682	3	21	0	0	0
200D	682	7	3	0	0	0
200D	683	3	25	0	0	0
200D	683	5	26	0	0	0
200D	683	6	14	1	0	0
200D	685	3	2	0	0	0
200D	686	3	7	0	0	0
200D	687	3	10	0	0	0
200D	688	5	67	0	0	0
200D	688	7	29	0	0	0
200D	689	5	42	0	0	0
200D	689	6	33	1	0	0
200D	690	5	21	0	0	0
200D	690	6	23	1	0	0
200D	691	5	1	0	0	0
200D	701	1	24	0	0	0
200D	701	3	14	0	0	0
200D	701	4	24	1	0	0
200D	701	7	23	0	0	0
200D	703	1	41	0	0	0
200D	703	3	53	0	0	0
200D	703	5	41	0	0	0
200D	704	1	90	0	0	0
200D	704	3	70	0	0	0
200D	704	6	98	1	0	0
200D	708	1	42	0	0	0
200D	708	3	35	0	0	0
200D	708	4	34	1	0	0
200D	708	5	33	0	0	0
200D	708	6	35	1	0	0
200D	708	7	55	0	0	0
200D	713	1	6	0	0	0
200D	723	1	62	0	0	0
200D	723	3	52	0	0	0
200D	723	5	62	0	0	0
200D	723	7	52	0	0	0
200D	725	1	70	0	0	0
200D	725	3	89	0	0	0
200D	725	5	60	0	0	0
200D	725	6	70	1	0	0
200D	725	7	86	0	0	0
200D	732	1	59	0	0	0
200D	732	3	79	0	0	0
200D	733	1	91	0	0	0
200D	733	3	92	0	0	0
200D	733	5	72	0	0	0
200D	733	6	83	1	0	0
200D	733	7	73	0	0	0
200D	738	1	72	0	0	0
200D	741	1	16	0	0	0
200D	741	3	16	0	0	0
200D	741	5	16	0	0	0
200D	743	1	19	0	0	0
200D	743	2	30	1	0	0
200D	743	3	26	0	0	0
200D	743	7	17	0	0	0
200D	746	1	93	0	0	0
200D	746	3	81	0	0	0
200D	746	4	91	1	0	0
200D	747	1	95	0	0	0
200D	747	3	99	0	0	0
200D	747	5	70	0	0	0
200D	747	7	98	0	0	0
200D	749	1	13	0	0	0
200D	749	3	24	0	0	0
200D	749	5	35	0	0	0
200D	749	7	45	0	0	0
200D	751	1	51	0	0	0
200D	751	3	51	0	0	0
200D	751	4	51	1	0	0
200D	751	5	63	0	0	0
200D	751	6	52	1	0	0
200D	751	7	54	0	0	0
200D	752	1	52	0	0	0
200D	752	3	63	0	0	0
200D	752	5	52	0	0	0
200D	752	6	81	1	0	0
200D	752	7	51	0	0	0
200D	753	1	56	0	0	0
200D	753	3	60	0	0	0
200D	753	5	59	0	0	0
200D	753	6	59	1	0	0
200D	753	7	48	0	0	0
200D	755	1	14	0	0	0
200D	755	5	3	0	0	0
200D	759	1	54	0	0	0
200D	767	1	12	0	0	0
200D	767	5	23	0	0	0
200D	769	5	92	0	0	0
200D	769	7	92	0	0	0
200D	773	5	53	0	0	0
200D	782	1	9	0	0	0
200D	782	3	47	0	0	0
200D	782	7	26	0	0	0
200D	786	1	5	0	0	0
200D	786	3	4	0	0	0
200D	786	4	4	1	0	0
200D	786	5	6	0	0	0
200D	786	7	14	0	0	0
200D	788	1	1	0	0	0
200D	788	3	1	0	0	0
200D	788	7	1	0	0	0
200D	789	1	30	0	0	0
200D	789	3	30	0	0	0
200D	792	1	4	0	0	0
200D	792	3	12	0	0	0
200D	792	5	2	0	0	0
200D	792	7	12	0	0	0
200D	798	1	89	0	0	0
200D	798	3	87	0	0	0
200D	798	5	86	0	0	0
200D	798	7	99	0	0	0
200D	915	1	7	0	0	0
200D	915	2	26	1	0	0
200D	915	3	19	0	0	0
200D	915	4	30	1	0	0
200D	915	5	9	0	0	0
200D	915	6	26	1	0	0
200D	915	7	10	0	0	0
200D	953	1	23	0	0	0
200D	953	2	21	1	0	0
200D	953	3	23	0	0	0
200D	953	4	13	1	0	0
200D	980	1	63	0	0	0
200D	980	5	64	0	0	0
200D	980	6	62	1	0	0
200D	990	1	26	0	0	0
200D	990	5	7	0	0	0
200D	2011	7	33	0	0	0
200D	2032	7	87	0	0	0
200D	2033	7	62	0	0	0
200D	2034	7	42	0	0	0
200D	2035	7	37	0	0	0
200D	2036	7	16	0	0	0
200D	2037	7	9	0	0	0
200E	411	2	19	1	0	1
200E	301	3	44	0	0	0
200E	302	3	49	0	0	0
200E	303	3	70	0	0	0
200E	402	1	72	0	0	0
200E	403	1	71	0	0	0
200E	403	5	64	0	0	0
200E	404	1	91	0	0	0
200E	404	7	72	0	0	0
200E	405	1	92	0	0	0
200E	406	1	93	0	0	0
200E	406	3	81	0	0	0
200E	407	1	96	0	0	0
200E	407	3	85	0	0	0
200E	408	1	97	0	0	0
200E	408	3	56	0	0	0
200E	414	3	53	0	0	0
200E	419	5	53	0	0	0
200E	419	7	63	0	0	0
200E	421	5	98	0	0	0
200E	425	1	65	0	0	0
200E	425	3	65	0	0	0
200E	425	7	73	0	0	0
200E	449	1	21	0	0	0
200E	449	3	21	0	0	0
200E	450	1	5	0	0	0
200E	450	7	5	0	0	0
200E	451	1	63	0	0	0
200E	451	5	63	0	0	0
200E	451	7	62	0	0	0
200E	452	1	85	0	0	0
200E	452	3	84	0	0	0
200E	452	5	85	0	0	0
200E	452	7	85	0	0	0
200E	453	1	86	0	0	0
200E	453	5	86	0	0	0
200E	454	1	88	0	0	0
200E	454	7	98	0	0	0
200E	455	1	89	0	0	0
200E	455	7	96	0	0	0
200E	460	1	87	0	0	0
200E	460	3	80	0	0	0
200E	460	7	87	0	0	0
200E	464	1	70	0	0	0
200E	464	5	49	0	0	0
200E	464	7	70	0	0	0
200E	465	1	69	0	0	0
200E	465	7	36	0	0	0
200E	466	1	2	0	0	0
200E	466	3	12	0	0	0
200E	466	7	3	0	0	0
200E	468	1	28	0	0	0
200E	468	5	39	0	0	0
200E	473	1	44	0	0	0
200E	473	3	34	0	0	0
200E	473	5	44	0	0	0
200E	473	7	44	0	0	0
200E	474	1	7	0	0	0
200E	474	3	17	0	0	0
200E	474	5	7	0	0	0
200E	474	7	28	0	0	0
200E	475	1	8	0	0	0
200E	475	5	8	0	0	0
200E	475	7	20	0	0	0
200E	492	1	14	0	0	0
200E	492	7	3	0	0	0
200E	493	1	17	0	0	0
200E	493	3	7	0	0	0
200E	493	5	36	0	0	0
200E	493	7	17	0	0	0
200E	494	1	40	0	0	0
200E	494	3	27	0	0	0
200E	494	5	20	0	0	0
200E	495	1	35	0	0	0
200E	495	3	58	0	0	0
200E	495	5	37	0	0	0
200E	495	7	48	0	0	0
200E	496	1	36	0	0	0
200E	496	3	22	0	0	0
200E	496	5	34	0	0	0
200E	497	1	51	0	0	0
200E	497	3	51	0	0	0
200E	497	7	43	0	0	0
200E	498	1	53	0	0	0
200E	499	1	58	0	0	0
200E	499	3	47	0	0	0
200E	499	5	59	0	0	0
200E	499	7	27	0	0	0
200E	2053	7	49	0	0	0
200E	2054	7	93	0	0	0
200E	304	6	43	1	1	0
200E	305	6	70	1	1	0
200E	306	6	69	1	1	0
200E	401	1	59	0	1	0
200E	401	6	87	1	1	0
200E	410	2	17	1	1	0
200E	412	2	56	1	1	0
200E	412	7	47	0	1	0
200E	413	2	63	1	1	0
200E	416	4	17	1	1	0
200E	416	6	17	1	1	0
200E	417	4	59	1	1	0
200E	418	4	72	1	1	0
200E	418	6	72	1	1	0
200E	422	6	93	1	1	0
200E	447	1	64	0	1	0
200E	456	2	28	1	1	0
200E	456	5	48	0	1	0
200E	456	6	49	1	1	0
200E	457	2	69	1	1	0
200E	458	2	67	1	1	0
200E	459	3	23	0	1	0
200E	461	2	4	1	1	0
200E	461	5	3	0	1	0
200E	467	1	4	0	1	0
200E	472	1	47	0	1	0
200E	472	2	47	1	1	0
200E	2004	7	7	0	1	0
200E	2005	7	8	0	1	0
200E	2006	7	65	0	1	0
200F	319	1	49	0	0	1
200F	319	2	76	1	0	1
200F	319	3	49	0	0	1
200F	319	4	44	1	0	1
200F	319	6	43	1	0	1
200F	319	7	37	0	0	1
200F	326	6	2	1	0	1
200F	330	1	35	0	0	1
200F	330	2	32	1	0	1
200F	330	3	46	0	0	1
200F	330	4	1	1	0	1
200F	330	5	44	0	0	1
200F	330	6	21	1	0	1
200F	330	7	26	0	0	1
200F	341	2	19	1	0	1
200F	341	4	10	1	0	1
200F	341	6	30	1	0	1
200F	345	3	80	0	0	1
200F	345	4	60	1	0	1
200F	345	5	70	0	0	1
200F	345	6	70	1	0	1
200F	346	4	90	1	0	1
200F	346	6	90	1	0	1
200F	349	5	32	0	0	1
200F	349	6	71	1	0	1
200F	353	6	49	1	0	1
200F	363	2	29	1	0	1
200F	363	4	9	1	0	1
200F	363	5	59	0	0	1
200F	363	6	50	1	0	1
200F	363	7	39	0	0	1
200F	364	2	84	1	0	1
200F	364	4	87	1	0	1
200F	370	4	27	1	0	1
200F	373	5	10	0	0	1
200F	373	6	10	1	0	1
200F	373	7	8	0	0	1
200F	379	6	10	1	0	1
200F	380	5	50	0	0	1
200F	380	6	48	1	0	1
200F	388	5	99	0	0	1
200F	388	6	39	1	0	1
200F	2217	7	92	0	0	1
200F	307	1	2	0	0	0
200F	307	7	2	0	0	0
200F	308	1	3	0	0	0
200F	308	3	4	0	0	0
200F	308	5	24	0	0	0
200F	308	7	23	0	0	0
200F	309	1	4	0	0	0
200F	309	2	15	1	0	0
200F	309	3	24	0	0	0
200F	309	5	14	0	0	0
200F	309	6	24	1	0	0
200F	309	7	24	0	0	0
200F	310	1	7	0	0	0
200F	310	3	7	0	0	0
200F	310	4	8	1	0	0
200F	310	5	17	0	0	0
200F	311	1	8	0	0	0
200F	311	3	28	0	0	0
200F	311	5	8	0	0	0
200F	311	7	17	0	0	0
200F	312	1	10	0	0	0
200F	312	3	10	0	0	0
200F	312	5	28	0	0	0
200F	312	7	10	0	0	0
200F	313	1	28	0	0	0
200F	313	2	28	1	0	0
200F	314	1	26	0	0	0
200F	314	3	37	0	0	0
200F	314	4	26	1	0	0
200F	314	5	27	0	0	0
200F	314	6	27	1	0	0
200F	314	7	27	0	0	0
200F	315	1	21	0	0	0
200F	315	3	41	0	0	0
200F	316	1	41	0	0	0
200F	316	3	11	0	0	0
200F	316	5	52	0	0	0
200F	316	7	52	0	0	0
200F	317	1	42	0	0	0
200F	317	3	61	0	0	0
200F	317	5	42	0	0	0
200F	317	7	61	0	0	0
200F	318	1	43	0	0	0
200F	318	3	44	0	0	0
200F	318	5	4	0	0	0
200F	320	1	50	0	0	0
200F	320	3	40	0	0	0
200F	320	5	39	0	0	0
200F	321	1	70	0	0	0
200F	321	3	68	0	0	0
200F	321	5	68	0	0	0
200F	321	7	70	0	0	0
200F	322	1	68	0	0	0
200F	322	3	89	0	0	0
200F	322	5	58	0	0	0
200F	322	7	89	0	0	0
200F	323	1	61	0	0	0
200F	323	3	54	0	0	0
200F	323	5	71	0	0	0
200F	323	7	43	0	0	0
200F	324	1	82	0	0	0
200F	324	3	63	0	0	0
200F	324	4	63	1	0	0
200F	324	7	63	0	0	0
200F	325	1	84	0	0	0
200F	325	3	94	0	0	0
200F	325	5	84	0	0	0
200F	325	7	95	0	0	0
200F	328	1	19	0	0	0
200F	328	3	19	0	0	0
200F	328	7	56	0	0	0
200F	329	1	39	0	0	0
200F	329	3	58	0	0	0
200F	332	1	32	0	0	0
200F	332	3	33	0	0	0
200F	332	5	21	0	0	0
200F	333	1	53	0	0	0
200F	333	3	43	0	0	0
200F	333	5	85	0	0	0
200F	334	1	71	0	0	0
200F	334	3	71	0	0	0
200F	334	5	61	0	0	0
200F	334	7	71	0	0	0
200F	335	1	91	0	0	0
200F	335	3	91	0	0	0
200F	335	5	63	0	0	0
200F	335	7	64	0	0	0
200F	336	1	92	0	0	0
200F	336	3	64	0	0	0
200F	336	5	81	0	0	0
200F	336	7	84	0	0	0
200F	337	1	92	0	0	0
200F	337	3	92	0	0	0
200F	337	5	64	0	0	0
200F	337	7	85	0	0	0
200F	338	1	93	0	0	0
200F	338	3	95	0	0	0
200F	338	5	92	0	0	0
200F	338	7	85	0	0	0
200F	339	1	96	0	0	0
200F	339	3	85	0	0	0
200F	339	5	96	0	0	0
200F	339	7	88	0	0	0
200F	340	1	98	0	0	0
200F	340	3	50	0	0	0
200F	340	5	49	0	0	0
200F	340	7	49	0	0	0
200F	342	3	34	0	0	0
200F	342	5	43	0	0	0
200F	343	3	53	0	0	0
200F	343	5	3	0	0	0
200F	343	7	21	0	0	0
200F	344	3	59	0	0	0
200F	344	7	59	0	0	0
200F	347	5	34	0	0	0
200F	348	5	33	0	0	0
200F	350	5	94	0	0	0
200F	350	7	94	0	0	0
200F	359	1	85	0	0	0
200F	359	3	88	0	0	0
200F	359	5	87	0	0	0
200F	359	7	67	0	0	0
200F	360	1	100	0	0	0
200F	360	3	87	0	0	0
200F	360	5	88	0	0	0
200F	360	7	87	0	0	0
200F	361	1	99	0	0	0
200F	361	3	86	0	0	0
200F	361	5	97	0	0	0
200F	361	7	99	0	0	0
200F	365	3	9	0	0	0
200F	365	7	19	0	0	0
200F	366	3	21	0	0	0
200F	366	5	66	0	0	0
200F	366	7	32	0	0	0
200F	367	3	81	0	0	0
200F	367	7	62	0	0	0
200F	368	3	84	0	0	0
200F	368	5	95	0	0	0
200F	368	7	34	0	0	0
200F	369	3	96	0	0	0
200F	369	5	86	0	0	0
200F	369	7	66	0	0	0
200F	371	5	2	0	0	0
200F	372	5	7	0	0	0
200F	375	5	48	0	0	0
200F	375	7	48	0	0	0
200F	386	5	89	0	0	0
200F	386	7	90	0	0	0
200F	387	5	98	0	0	0
200F	389	5	100	0	0	0
200F	423	1	11	0	0	0
200F	423	3	22	0	0	0
200F	423	5	11	0	0	0
200F	423	7	22	0	0	0
200F	424	1	13	0	0	0
200F	424	3	32	0	0	0
200F	424	5	23	0	0	0
200F	424	6	23	1	0	0
200F	2018	7	68	0	0	0
200F	2024	7	98	0	0	0
200F	2055	7	4	0	0	0
200F	331	1	33	0	1	0
200F	331	7	16	0	1	0
200G	255	6	66	1	0	1
200G	255	7	84	0	0	1
200G	256	6	20	1	0	1
200G	256	7	40	0	0	1
200G	201	1	53	0	0	0
200G	201	3	52	0	0	0
200G	201	5	53	0	0	0
200G	201	7	65	0	0	0
200G	202	1	54	0	0	0
200G	202	3	65	0	0	0
200G	202	7	34	0	0	0
200G	203	1	55	0	0	0
200G	203	3	47	0	0	0
200G	203	5	46	0	0	0
200G	203	7	55	0	0	0
200G	204	1	56	0	0	0
200G	204	3	59	0	0	0
200G	204	5	54	0	0	0
200G	204	6	76	1	0	0
200G	204	7	66	0	0	0
200G	205	1	40	0	0	0
200G	205	5	37	0	0	0
200G	205	7	30	0	0	0
200G	206	1	36	0	0	0
200G	206	3	55	0	0	0
200G	206	5	55	0	0	0
200G	206	6	88	1	0	0
200G	207	1	31	0	0	0
200G	207	3	41	0	0	0
200G	207	5	22	0	0	0
200G	207	7	11	0	0	0
200G	208	1	12	0	0	0
200G	208	3	22	0	0	0
200G	208	5	41	0	0	0
200G	208	7	21	0	0	0
200G	209	1	16	0	0	0
200G	209	3	6	0	0	0
200G	209	5	5	0	0	0
200G	210	1	17	0	0	0
200G	210	3	18	0	0	0
200G	210	5	26	0	0	0
200G	210	6	28	1	0	0
200G	210	7	16	0	0	0
200G	211	1	19	0	0	0
200G	211	3	29	0	0	0
200G	211	5	30	0	0	0
200G	211	7	19	0	0	0
200G	212	1	20	0	0	0
200G	212	3	20	0	0	0
200G	212	7	29	0	0	0
200G	213	3	80	0	0	0
200G	213	5	80	0	0	0
200G	214	3	78	0	0	0
200G	215	3	40	0	0	0
200G	215	4	30	1	0	0
200G	216	3	36	0	0	0
200G	216	4	28	1	0	0
200G	216	5	47	0	0	0
200G	217	3	11	0	0	0
200G	217	7	1	0	0	0
200G	218	3	15	0	0	0
200G	220	5	14	0	0	0
200G	221	5	9	0	0	0
200G	226	1	49	0	0	0
200G	226	3	20	0	0	0
200G	226	5	28	0	0	0
200G	226	7	50	0	0	0
200G	227	1	50	0	0	0
200G	228	1	30	0	0	0
200G	228	2	30	1	0	0
200G	228	3	30	0	0	0
200G	228	4	30	1	0	0
200G	228	5	29	0	0	0
200G	229	1	28	0	0	0
200G	229	3	20	0	0	0
200G	230	1	27	0	0	0
200G	230	2	28	1	0	0
200G	230	3	28	0	0	0
200G	230	5	27	0	0	0
200G	230	7	27	0	0	0
200G	231	1	22	0	0	0
200G	231	3	44	0	0	0
200G	232	1	1	0	0	0
200G	232	3	2	0	0	0
200G	232	4	3	1	0	0
200G	232	5	2	0	0	0
200G	232	7	5	0	0	0
200G	233	1	2	0	0	0
200G	233	5	1	0	0	0
200G	234	1	3	0	0	0
200G	234	3	1	0	0	0
200G	234	5	11	0	0	0
200G	234	7	3	0	0	0
200G	235	1	4	0	0	0
200G	235	3	3	0	0	0
200G	235	5	3	0	0	0
200G	235	6	3	1	0	0
200G	235	7	25	0	0	0
200G	236	1	5	0	0	0
200G	236	5	4	0	0	0
200G	236	7	4	0	0	0
200G	237	1	6	0	0	0
200G	237	3	16	0	0	0
200G	237	5	6	0	0	0
200G	237	7	7	0	0	0
200G	238	1	8	0	0	0
200G	238	3	5	0	0	0
200G	239	1	8	0	0	0
200G	239	3	9	0	0	0
200G	239	5	8	0	0	0
200G	239	7	8	0	0	0
200G	240	1	9	0	0	0
200G	240	3	8	0	0	0
200G	240	5	34	0	0	0
200G	240	7	24	0	0	0
200G	241	1	10	0	0	0
200G	241	3	10	0	0	0
200G	241	5	10	0	0	0
200G	241	7	9	0	0	0
200G	242	3	82	0	0	0
200G	242	7	82	0	0	0
200G	243	3	62	0	0	0
200G	243	4	63	1	0	0
200G	243	5	77	0	0	0
200G	243	7	64	0	0	0
200G	244	3	45	0	0	0
200G	245	3	48	0	0	0
200G	245	5	16	0	0	0
200G	246	3	49	0	0	0
200G	246	5	20	0	0	0
200G	246	7	20	0	0	0
200G	247	3	50	0	0	0
200G	247	5	50	0	0	0
200G	247	7	69	0	0	0
200G	248	3	27	0	0	0
200G	248	5	17	0	0	0
200G	248	7	17	0	0	0
200G	249	3	23	0	0	0
200G	249	7	22	0	0	0
200G	250	5	82	0	0	0
200G	250	7	71	0	0	0
200G	251	5	87	0	0	0
200G	252	5	67	0	0	0
200G	252	7	47	0	0	0
200G	253	5	24	0	0	0
200G	254	5	7	0	0	0
200G	254	7	6	0	0	0
200G	354	1	90	0	0	0
200G	354	3	77	0	0	0
200G	354	4	89	1	0	0
200G	355	1	88	0	0	0
200G	355	5	66	0	0	0
200G	355	7	67	0	0	0
200G	356	1	86	0	0	0
200G	356	3	96	0	0	0
200G	357	1	65	0	0	0
200G	357	5	65	0	0	0
200G	357	7	76	0	0	0
200G	358	1	82	0	0	0
200G	358	3	61	0	0	0
200G	358	4	71	1	0	0
200G	358	5	93	0	0	0
200G	358	7	62	0	0	0
200G	376	1	61	0	0	0
200G	376	3	72	0	0	0
200G	376	5	61	0	0	0
200G	376	7	72	0	0	0
200G	381	1	69	0	0	0
200G	381	3	46	0	0	0
200G	381	5	48	0	0	0
200G	381	7	46	0	0	0
200G	382	1	89	0	0	0
200G	382	3	67	0	0	0
200G	382	5	89	0	0	0
200G	382	7	89	0	0	0
200G	383	1	66	0	0	0
200G	383	3	76	0	0	0
200G	383	5	59	0	0	0
200G	383	6	69	1	0	0
200G	383	7	78	0	0	0
200G	384	1	47	0	0	0
200G	384	3	38	0	0	0
200G	385	1	69	0	0	0
200G	385	2	69	1	0	0
200G	385	3	69	0	0	0
200G	385	4	69	1	0	0
200G	385	5	69	0	0	0
200G	390	1	92	0	0	0
200G	390	3	92	0	0	0
200G	390	5	94	0	0	0
200G	390	7	92	0	0	0
200G	391	1	94	0	0	0
200G	391	3	94	0	0	0
200G	391	7	93	0	0	0
200G	392	1	96	0	0	0
200G	392	3	93	0	0	0
200G	393	1	98	0	0	0
200G	393	3	98	0	0	0
200G	393	5	88	0	0	0
200G	393	7	88	0	0	0
200G	394	1	99	0	0	0
200G	394	3	53	0	0	0
200G	394	4	87	1	0	0
200G	394	5	99	0	0	0
200G	394	6	99	1	0	0
200G	395	1	78	0	0	0
200G	395	3	89	0	0	0
200G	395	5	78	0	0	0
200G	395	6	78	1	0	0
200G	396	1	77	0	0	0
200G	396	3	54	0	0	0
200G	396	5	86	0	0	0
200G	396	7	77	0	0	0
200G	398	1	71	0	0	0
200G	398	5	71	0	0	0
200G	398	7	61	0	0	0
200G	399	1	51	0	0	0
200G	399	3	71	0	0	0
200G	399	5	92	0	0	0
200G	399	6	61	1	0	0
200G	400	1	52	0	0	0
200G	400	3	43	0	0	0
200G	400	5	63	0	0	0
200G	400	7	53	0	0	0
200G	2021	7	41	0	0	0
200G	2022	7	43	0	0	0
200G	2023	7	70	0	0	0
200G	2056	7	10	0	0	0
200G	2057	7	48	0	0	0
200G	2058	7	94	0	0	0
200G	2065	7	54	0	0	0
200G	2007	7	28	0	1	0
