100-200D	892	1	63	0
100-200D	892	2	37	1
100-200D	892	4	55	1
100-200D	892	5	63	0
100-200D	898	4	30	1
100-200D	901	1	56	0
100-200D	901	2	17	1
100-200D	901	4	65	1
100-200D	930	5	50	0
100-200D	945	1	79	0
100-200D	945	2	89	1
100-200D	945	4	63	1
100-200D	945	5	86	0
100200E	702	1	6	0
100200E	702	2	80	1
100200E	702	3	79	0
100200E	702	4	88	1
100200E	702	6	59	1
100200E	707	6	87	1
100200E	712	1	86	0
100200E	712	2	87	1
100200E	712	4	80	1
100200E	712	6	89	1
100200E	712	7	35	0
100200E	715	1	6	0
100200E	715	2	4	1
100200E	715	3	17	0
100200E	715	4	8	1
100200E	715	5	5	0
100200E	715	6	5	1
100200E	715	7	17	0
100200E	742	6	99	1
100200E	742	7	41	0
100200E	796	6	88	1
100200E	796	7	89	0
100200E	928	3	9	0
100200E	928	4	9	1
100200E	928	5	34	0
100200E	928	6	2	1
100200E	928	7	25	0
100200F	514	6	43	1
100200F	653	1	69	0
100200F	653	2	100	1
100200F	653	4	31	1
100200F	653	5	69	0
100200F	653	6	29	1
100200F	653	7	7	0
100200F	694	1	90	0
100200F	694	2	70	1
100200F	694	3	19	0
100200F	694	4	80	1
100200F	694	5	60	0
100200F	694	6	80	1
100C	802	4	6	1
100C	802	6	72	1
100C	833	4	44	1
100C	833	6	14	1
100C	843	5	49	0
100C	884	2	15	1
100C	903	2	53	1
100C	903	4	35	1
100C	911	2	71	1
100C	937	4	13	1
100C	955	1	9	0
100C	981	4	53	1
100C	981	6	43	1
100C	991	2	33	1
100D	784	2	30	1
100D	784	4	65	1
100D	784	5	56	0
100D	784	6	38	1
100D	784	7	4	0
100E	529	2	22	1
100E	529	4	31	1
100E	529	6	41	1
100E	529	7	7	0
100E	534	6	7	1
100E	642	4	34	1
100E	643	6	72	1
200A	820	2	50	1
200A	820	3	16	0
200A	820	4	76	1
200A	820	5	25	0
200A	820	6	25	1
200A	820	7	67	0
200A	821	2	70	1
200A	821	3	18	0
200A	821	5	66	0
200A	821	7	45	0
200A	837	4	74	1
200A	837	5	56	0
200A	837	6	92	1
200A	963	4	19	1
200A	963	6	10	1
200A	1018	7	2	0
200B	805	3	27	0
200B	805	4	16	1
200B	805	6	17	1
200B	807	2	27	1
200B	807	4	9	1
200B	807	6	6	1
200B	808	2	49	1
200B	808	3	33	0
200B	808	4	78	1
200B	808	6	67	1
200B	811	3	10	0
200B	811	4	49	1
200B	811	6	59	1
200B	811	7	59	0
200B	838	2	70	1
200B	838	3	70	0
200B	838	4	69	1
200B	838	5	39	0
200B	851	4	20	1
200B	853	1	23	0
200B	853	2	71	1
200B	853	4	1	1
200B	853	6	51	1
200B	853	7	41	0
200B	873	3	8	0
200B	873	5	49	0
200B	880	2	6	1
200B	880	3	20	0
200B	880	4	38	1
200B	880	5	10	0
200B	880	6	34	1
200B	910	2	16	1
200B	910	4	40	1
200B	910	5	8	0
200B	910	6	37	1
200B	918	2	19	1
200B	918	6	50	1
200B	929	6	14	1
200B	954	4	39	1
200B	954	6	36	1
200B	983	1	15	0
200B	983	2	30	1
200B	983	3	49	0
200B	983	4	50	1
200B	983	5	38	0
200B	983	6	10	1
200C	904	1	36	0
200C	904	4	19	1
200C	909	2	36	1
200C	909	4	60	1
200C	944	3	36	0
200D	652	6	7	1
200D	681	3	45	0
200D	681	6	37	1
200D	684	3	29	0
200D	684	5	48	0
200D	684	7	60	0
200D	692	6	72	1
200D	693	6	60	1
200D	693	7	50	0
200D	729	4	48	1
200D	729	5	56	0
200D	729	6	67	1
200D	729	7	75	0
200D	734	1	53	0
200D	734	2	52	1
200D	734	3	72	0
200D	734	4	21	1
200D	734	5	45	0
200D	734	6	42	1
200D	758	4	56	1
200D	758	6	87	1
200D	794	2	67	1
200D	794	4	81	1
200D	795	1	2	0
200D	795	2	18	1
200D	795	3	9	0
200D	795	4	19	1
200D	795	5	8	0
200D	795	6	10	1
200D	795	7	7	0
200D	917	1	25	0
200D	917	2	54	1
200D	917	3	44	0
200D	917	4	14	1
200D	917	5	71	0
200D	917	6	47	1
200D	917	7	53	0
200F	330	2	32	1
200F	330	3	46	0
200F	330	4	1	1
200F	330	5	44	0
200F	330	6	21	1
200F	330	7	26	0
200F	341	2	19	1
200F	341	4	10	1
200F	341	6	30	1
200F	345	3	80	0
200F	345	4	60	1
200F	345	5	70	0
200F	345	6	70	1
200F	346	4	90	1
200F	346	6	90	1
200F	349	5	32	0
200F	349	6	71	1
200F	353	6	49	1
200F	363	2	29	1
200F	363	4	9	1
200F	363	5	59	0
200F	363	6	50	1
200F	363	7	39	0
200F	364	2	84	1
200F	364	4	87	1
200F	370	4	27	1
200F	373	5	10	0
200F	373	6	10	1
200F	373	7	8	0
200F	379	6	10	1
200F	380	5	50	0
200F	380	6	48	1
200F	388	5	99	0
200F	388	6	39	1
200F	2217	7	92	0
200G	255	6	66	1
200G	255	7	84	0
200G	256	6	20	1
200G	256	7	40	0
